version https://git-lfs.github.com/spec/v1
oid sha256:9542dc8a776063e77c6ad43fd700dd136dfdf335d6c6232a4b28408ecc191e9a
size 2882020
